[[0, 0], [0, 0], [0, 0], [0, 0], [0, 0], [0, 0], [0, 0], [0, 0], [0, 0], [0, 0]]
[[1, 0], [0, 0], [0, 0], [0, 0], [0, 0], [0, 0], [0, 0], [0, 0], [0, 0], [0, 0]]
[[2, 0], [1, 0], [0, 0], [0, 0], [0, 0], [0, 0], [0, 0], [0, 0], [0, 0], [0, 0]]
[[3, 0], [2, 0], [1, 0], [0, 0], [0, 0], [0, 0], [0, 0], [0, 0], [0, 0], [0, 0]]
[[4, 0], [3, 0], [2, 0], [1, 0], [0, 0], [0, 0], [0, 0], [0, 0], [0, 0], [0, 0]]
[[5, 0], [4, 0], [3, 0], [2, 0], [1, 0], [0, 0], [0, 0], [0, 0], [0, 0], [0, 0]]
['R', '5']
[[5, 0], [4, 0], [3, 0], [2, 0], [1, 0], [0, 0], [0, 0], [0, 0], [0, 0], [0, 0]]
['U', '8']
[[5, 8], [5, 7], [5, 6], [5, 5], [5, 4], [4, 4], [3, 3], [2, 2], [1, 1], [0, 0]]
['L', '8']
[[-3, 8], [-2, 8], [-1, 8], [0, 8], [1, 8], [1, 7], [1, 6], [1, 5], [1, 4], [1, 3]]
['D', '3']
[[-3, 5], [-3, 6], [-2, 7], [-1, 7], [0, 7], [1, 7], [1, 6], [1, 5], [1, 4], [1, 3]]
[[-2, 5], [-3, 6], [-2, 7], [-1, 7], [0, 7], [1, 7], [1, 6], [1, 5], [1, 4], [1, 3]]
[[-1, 5], [-2, 5], [-2, 6], [-1, 7], [0, 7], [1, 7], [1, 6], [1, 5], [1, 4], [1, 3]]
[[0, 5], [-1, 5], [-2, 6], [-1, 7], [0, 7], [1, 7], [1, 6], [1, 5], [1, 4], [1, 3]]
[[1, 5], [0, 5], [-1, 5], [-1, 6], [0, 7], [1, 7], [1, 6], [1, 5], [1, 4], [1, 3]]
[[2, 5], [1, 5], [0, 5], [-1, 6], [0, 7], [1, 7], [1, 6], [1, 5], [1, 4], [1, 3]]
[[3, 5], [2, 5], [1, 5], [0, 5], [0, 6], [1, 7], [1, 6], [1, 5], [1, 4], [1, 3]]
[[4, 5], [3, 5], [2, 5], [1, 5], [0, 6], [1, 7], [1, 6], [1, 5], [1, 4], [1, 3]]
[[5, 5], [4, 5], [3, 5], [2, 5], [1, 5], [1, 6], [1, 6], [1, 5], [1, 4], [1, 3]]
[[6, 5], [5, 5], [4, 5], [3, 5], [2, 5], [1, 6], [1, 6], [1, 5], [1, 4], [1, 3]]
[[7, 5], [6, 5], [5, 5], [4, 5], [3, 5], [2, 5], [1, 6], [1, 5], [1, 4], [1, 3]]
[[8, 5], [7, 5], [6, 5], [5, 5], [4, 5], [3, 5], [2, 5], [1, 5], [1, 4], [1, 3]]
[[9, 5], [8, 5], [7, 5], [6, 5], [5, 5], [4, 5], [3, 5], [2, 5], [1, 4], [1, 3]]
[[10, 5], [9, 5], [8, 5], [7, 5], [6, 5], [5, 5], [4, 5], [3, 5], [2, 5], [2, 4]]
[[11, 5], [10, 5], [9, 5], [8, 5], [7, 5], [6, 5], [5, 5], [4, 5], [3, 5], [2, 4]]
[[12, 5], [11, 5], [10, 5], [9, 5], [8, 5], [7, 5], [6, 5], [5, 5], [4, 5], [3, 5]]
[[13, 5], [12, 5], [11, 5], [10, 5], [9, 5], [8, 5], [7, 5], [6, 5], [5, 5], [4, 5]]
[[14, 5], [13, 5], [12, 5], [11, 5], [10, 5], [9, 5], [8, 5], [7, 5], [6, 5], [5, 5]]
['R', '17']
[[14, 5], [13, 5], [12, 5], [11, 5], [10, 5], [9, 5], [8, 5], [7, 5], [6, 5], [5, 5]]
['D', '10']
[[14, -5], [14, -4], [14, -3], [14, -2], [14, -1], [14, 0], [13, 0], [12, 0], [11, 0], [10, 0]]
['L', '25']
[[-11, -5], [-10, -5], [-9, -5], [-8, -5], [-7, -5], [-6, -5], [-5, -5], [-4, -5], [-3, -5], [-2, -5]]
['U', '20']
